 PDEW2017  7 27 17 53 24.60  13.4000  -49.3300  10.0 0.0 6.0 NORTH ATLANTIC OCEAN                    
event name:     201707271753A  
time shift:      4.8400
half duration:   2.4000
latitude:       13.4200
longitude:     -49.3900
depth:          28.7000
Mrr:      -7.470000e+24
Mtt:       1.050000e+25
Mpp:      -2.990000e+24
Mrt:      -9.080000e+23
Mrp:       5.480000e+24
Mtp:       3.650000e+24
