 PDEW2017  4  3 17 40 18.60 -22.6800   25.1600  29.0 0.0 6.5 BOTSWANA                                
event name:     201704031740A  
time shift:      5.7800
half duration:   4.3000
latitude:      -22.5400
longitude:      25.2100
depth:          29.9900
Mrr:      -6.290000e+25
Mtt:       2.600000e+25
Mpp:       3.700000e+25
Mrt:      -1.820000e+25
Mrp:       2.360000e+22
Mtp:      -4.010000e+25
