 PDEW2017  6 12 12 28 39.20  38.9300   26.3600  12.0 0.0 6.3 AEGEAN SEA                              
event name:     201706121228A  
time shift:      2.7300
half duration:   3.7000
latitude:       38.8100
longitude:      26.3200
depth:          12.0000
Mrr:      -4.100000e+25
Mtt:       4.030000e+25
Mpp:       7.790001e+23
Mrt:      -1.860000e+24
Mrp:       2.130000e+24
Mtp:      -1.430000e+25
