 PDEW2017  9 19 18 14 38.10  18.5500  -98.4900  48.0 0.0 7.1 CENTRAL MEXICO                          
event name:     201709191814A  
time shift:      9.1100
half duration:   9.1000
latitude:       18.5900
longitude:     -98.6300
depth:          51.0100
Mrr:      -6.560000e+26
Mtt:       5.320000e+26
Mpp:       1.240000e+26
Mrt:      -4.240000e+25
Mrp:      -4.840000e+25
Mtp:      -2.360000e+26
