 PDEW2017  9 23 12 53  1.50  16.6300  -95.0800  10.0 0.0 6.1 OAXACA, MEXICO                          
event name:     201709231253A  
time shift:      3.1400
half duration:   2.6000
latitude:       16.7200
longitude:     -95.1100
depth:          12.8100
Mrr:      -1.230000e+25
Mtt:       1.300000e+25
Mpp:      -6.730000e+23
Mrt:       7.870000e+23
Mrp:      -3.090000e+24
Mtp:       6.890000e+24
