 PDEW2017  3 29  4  9 24.20  56.9400  162.7900  17.0 0.0 6.6 NEAR EAST COAST OF KAMCH                
event name:     201703290409A  
time shift:      6.6000
half duration:   4.9000
latitude:       57.0000
longitude:     163.1500
depth:          17.1200
Mrr:       9.340000e+25
Mtt:      -1.650000e+25
Mpp:      -7.700000e+25
Mrt:      -2.120000e+25
Mrp:      -8.550000e+24
Mtp:      -4.520000e+25
