 PDEW2017  9 20 16 37 16.40  37.9800  144.6600  11.0 0.0 6.1 OFF EAST COAST OF HONSHU                
event name:     201709201637A  
time shift:      3.4600
half duration:   3.1000
latitude:       38.0200
longitude:     144.6900
depth:          17.2600
Mrr:      -1.830000e+25
Mtt:       1.730000e+24
Mpp:       1.660000e+25
Mrt:       4.270000e+24
Mrp:       1.750000e+25
Mtp:       9.490001e+24
