 PDEW2017  6 22 12 31  3.50  13.7200  -90.9700  38.1 0.0 6.8 NEAR COAST OF GUATEMALA                 
event name:     201706221231A  
time shift:      5.6300
half duration:   6.0000
latitude:       13.5700
longitude:     -91.3800
depth:          38.0600
Mrr:       1.660000e+26
Mtt:      -1.280000e+26
Mpp:      -3.760000e+25
Mrt:       6.160000e+25
Mrp:      -4.650000e+25
Mtp:       6.920000e+25
